Phase 1 完成 — 全部实验结果
==============================

--- 按 test Acc7 排序 ---
openface3_lr3e-4_do0.7  openface3  e   0.7  3     0.6998    0.8552     0.4825     0.7908     0.6782   0.8843    0.4541
clip_lr2e-4_do0.3       clip       e   0.3  3     0.7130    0.8552     0.4490     0.7860     0.6835   0.8750    0.5197
openface3_lr3e-4_do0.2  openface3  e   0.2  3     0.7164    0.8537     0.4461     0.7951     0.6665   0.8843    0.4760
openface3_lr2e-4_do0.7  openface3  e   0.7  3     0.6996    0.8521     0.4781     0.7982     0.6677   0.8843    0.4716
openface3_lr5e-4_do0.7  openface3  e   0.7  3     0.6863    0.8506     0.4971     0.7949     0.6772   0.8843    0.4498
openface3_lr3e-4_do0.5  openface3  e   0.5  3     0.7077    0.8506     0.4869     0.7905     0.6688   0.8843    0.4891
openface3_lr2e-4_do0.3  openface3  e   0.3  3     0.6946    0.8506     0.4752     0.7967     0.6676   0.8935    0.4934
dinov3_lr2e-4_do0.2     dinov3     e   0.2  3     0.7627    0.8491     0.4286     0.7709     0.6931   0.8750    0.4760
videomae_lr5e-4_do0.2   videomae   e   0.2  3     0.7329    0.8476     0.4577     0.7795     0.6797   0.8796    0.4716
videomae_lr5e-4_do0.7   videomae   e   0.7  3     0.7160    0.8460     0.4650     0.7948     0.6843   0.8750    0.4716
clip_lr3e-4_do0.2       clip       e   0.2  3     0.7633    0.8460     0.4242     0.7712     0.7019   0.8704    0.4803
clip_lr5e-4_do0.5       clip       e   0.5  3     0.7307    0.8445     0.4490     0.7821     0.6755   0.8750    0.4760
videomae_lr5e-4_do0.5   videomae   e   0.5  3     0.7310    0.8430     0.4621     0.7736     0.6760   0.8796    0.4716
dinov3_lr5e-4_do0.7     dinov3     e   0.7  3     0.7417    0.8430     0.4592     0.7802     0.6883   0.8704    0.4541
dinov3_lr3e-4_do0.7     dinov3     e   0.7  3     0.7606    0.8430     0.4388     0.7699     0.6861   0.8704    0.4629
videomae_lr3e-4_do0.2   videomae   e   0.2  3     0.7246    0.8415     0.4592     0.7773     0.6821   0.8843    0.4716
videomae_lr2e-4_do0.7   videomae   e   0.7  3     0.7191    0.8415     0.4738     0.7938     0.6664   0.8750    0.4803
videomae_lr2e-4_do0.5   videomae   e   0.5  3     0.7128    0.8415     0.4752     0.7952     0.6776   0.8796    0.4803
openface3_lr5e-4_do0.5  openface3  e   0.5  3     0.7222    0.8415     0.4708     0.7904     0.6813   0.8750    0.4541
openface3_lr5e-4_do0.3  openface3  e   0.3  3     0.7066    0.8415     0.4723     0.7902     0.6664   0.8843    0.4803
openface3_lr2e-4_do0.2  openface3  e   0.2  3     0.7010    0.8415     0.4665     0.7914     0.6616   0.8843    0.4891
dinov3_lr5e-4_do0.5     dinov3     e   0.5  3     0.7352    0.8415     0.4577     0.7804     0.6895   0.8704    0.4716
dinov3_lr2e-4_do0.7     dinov3     e   0.7  3     0.7839    0.8415     0.4023     0.7688     0.6868   0.8750    0.4760
videomae_lr5e-4_do0.3   videomae   e   0.3  3     0.7305    0.8399     0.4621     0.7781     0.6841   0.8750    0.4803
videomae_lr3e-4_do0.3   videomae   e   0.3  3     0.7222    0.8399     0.4534     0.7812     0.6844   0.8796    0.4760
videomae_lr2e-4_do0.3   videomae   e   0.3  3     0.7169    0.8399     0.4636     0.7870     0.6764   0.8704    0.4934
videomae_lr2e-4_do0.2   videomae   e   0.2  3     0.7178    0.8399     0.4679     0.7835     0.6760   0.8796    0.4847
openface3_lr5e-4_do0.2  openface3  e   0.2  3     0.7085    0.8399     0.4665     0.7909     0.6830   0.8843    0.4847
openface3_lr3e-4_do0.3  openface3  e   0.3  3     0.6918    0.8399     0.4723     0.7955     0.6725   0.8935    0.4672
openface3_lr2e-4_do0.5  openface3  e   0.5  3     0.6900    0.8384     0.4781     0.8020     0.6632   0.8843    0.4803
dinov3_lr5e-4_do0.2     dinov3     e   0.2  3     0.7581    0.8384     0.4548     0.7541     0.7051   0.8796    0.4716
clip_lr3e-4_do0.3       clip       e   0.3  3     0.7243    0.8384     0.4548     0.7814     0.6861   0.8750    0.4934
dinov3_lr2e-4_do0.3     dinov3     e   0.3  3     0.7368    0.8369     0.4563     0.7756     0.6888   0.8704    0.4760
dinov3_lr5e-4_do0.3     dinov3     e   0.3  3     0.7585    0.8354     0.4592     0.7540     0.6895   0.8704    0.4803
dinov3_lr3e-4_do0.3     dinov3     e   0.3  3     0.7781    0.8354     0.4359     0.7605     0.6924   0.8704    0.4803
clip_lr5e-4_do0.2       clip       e   0.2  3     0.7396    0.8354     0.4402     0.7688     0.7043   0.8657    0.4803
videomae_lr3e-4_do0.5   videomae   e   0.5  3     0.7113    0.8338     0.4810     0.7821     0.6797   0.8704    0.4803
clip_lr5e-4_do0.3       clip       e   0.3  3     0.7590    0.8338     0.4519     0.7622     0.6923   0.8750    0.4716
clip_lr2e-4_do0.2       clip       e   0.2  3     0.7414    0.8338     0.4431     0.7796     0.6840   0.8750    0.5022
clip_lr3e-4_do0.7       clip       e   0.7  3     0.7364    0.8323     0.4461     0.7855     0.6813   0.8750    0.4934
dinov3_lr3e-4_do0.5     dinov3     e   0.5  3     0.7642    0.8308     0.4519     0.7584     0.6822   0.8704    0.4760
clip_lr2e-4_do0.5       clip       e   0.5  3     0.7710    0.8308     0.4198     0.7716     0.6721   0.8704    0.5153
dinov3_lr3e-4_do0.2     dinov3     e   0.2  3     0.7795    0.8293     0.4271     0.7533     0.6885   0.8796    0.4891
clip_lr2e-4_do0.7       clip       e   0.7  3     0.7695    0.8262     0.4227     0.7780     0.6856   0.8750    0.4978
clip_lr5e-4_do0.7       clip       e   0.7  3     0.7855    0.8247     0.4082     0.7661     0.6802   0.8750    0.4891
dinov3_lr2e-4_do0.5     dinov3     e   0.5  3     0.7755    0.8232     0.4329     0.7671     0.6783   0.8704    0.4672
videomae_lr3e-4_do0.7   videomae   e   0.7  3     0.7617    0.8216     0.4402     0.7770     0.6669   0.8750    0.4672
clip_lr3e-4_do0.5       clip       e   0.5  3     0.7938    0.8216     0.4023     0.7724     0.7280   0.8611    0.4934
exp                     vf         lr  do   ismd  test_mae  test_acc2  test_acc7  test_corr  val_mae  val_acc2  val_acc7

--- 按 test Acc2 排序 ---
clip_lr3e-4_do0.5       clip       e   0.5  3     0.7938    0.8216     0.4023     0.7724     0.7280   0.8611    0.4934
clip_lr5e-4_do0.7       clip       e   0.7  3     0.7855    0.8247     0.4082     0.7661     0.6802   0.8750    0.4891
dinov3_lr2e-4_do0.7     dinov3     e   0.7  3     0.7839    0.8415     0.4023     0.7688     0.6868   0.8750    0.4760
dinov3_lr3e-4_do0.2     dinov3     e   0.2  3     0.7795    0.8293     0.4271     0.7533     0.6885   0.8796    0.4891
dinov3_lr3e-4_do0.3     dinov3     e   0.3  3     0.7781    0.8354     0.4359     0.7605     0.6924   0.8704    0.4803
dinov3_lr2e-4_do0.5     dinov3     e   0.5  3     0.7755    0.8232     0.4329     0.7671     0.6783   0.8704    0.4672
clip_lr2e-4_do0.5       clip       e   0.5  3     0.7710    0.8308     0.4198     0.7716     0.6721   0.8704    0.5153
clip_lr2e-4_do0.7       clip       e   0.7  3     0.7695    0.8262     0.4227     0.7780     0.6856   0.8750    0.4978
dinov3_lr3e-4_do0.5     dinov3     e   0.5  3     0.7642    0.8308     0.4519     0.7584     0.6822   0.8704    0.4760
clip_lr3e-4_do0.2       clip       e   0.2  3     0.7633    0.8460     0.4242     0.7712     0.7019   0.8704    0.4803
dinov3_lr2e-4_do0.2     dinov3     e   0.2  3     0.7627    0.8491     0.4286     0.7709     0.6931   0.8750    0.4760
videomae_lr3e-4_do0.7   videomae   e   0.7  3     0.7617    0.8216     0.4402     0.7770     0.6669   0.8750    0.4672
dinov3_lr3e-4_do0.7     dinov3     e   0.7  3     0.7606    0.8430     0.4388     0.7699     0.6861   0.8704    0.4629
clip_lr5e-4_do0.3       clip       e   0.3  3     0.7590    0.8338     0.4519     0.7622     0.6923   0.8750    0.4716
dinov3_lr5e-4_do0.3     dinov3     e   0.3  3     0.7585    0.8354     0.4592     0.7540     0.6895   0.8704    0.4803
dinov3_lr5e-4_do0.2     dinov3     e   0.2  3     0.7581    0.8384     0.4548     0.7541     0.7051   0.8796    0.4716
dinov3_lr5e-4_do0.7     dinov3     e   0.7  3     0.7417    0.8430     0.4592     0.7802     0.6883   0.8704    0.4541
clip_lr2e-4_do0.2       clip       e   0.2  3     0.7414    0.8338     0.4431     0.7796     0.6840   0.8750    0.5022
clip_lr5e-4_do0.2       clip       e   0.2  3     0.7396    0.8354     0.4402     0.7688     0.7043   0.8657    0.4803
dinov3_lr2e-4_do0.3     dinov3     e   0.3  3     0.7368    0.8369     0.4563     0.7756     0.6888   0.8704    0.4760
clip_lr3e-4_do0.7       clip       e   0.7  3     0.7364    0.8323     0.4461     0.7855     0.6813   0.8750    0.4934
dinov3_lr5e-4_do0.5     dinov3     e   0.5  3     0.7352    0.8415     0.4577     0.7804     0.6895   0.8704    0.4716
videomae_lr5e-4_do0.2   videomae   e   0.2  3     0.7329    0.8476     0.4577     0.7795     0.6797   0.8796    0.4716
videomae_lr5e-4_do0.5   videomae   e   0.5  3     0.7310    0.8430     0.4621     0.7736     0.6760   0.8796    0.4716
clip_lr5e-4_do0.5       clip       e   0.5  3     0.7307    0.8445     0.4490     0.7821     0.6755   0.8750    0.4760
videomae_lr5e-4_do0.3   videomae   e   0.3  3     0.7305    0.8399     0.4621     0.7781     0.6841   0.8750    0.4803
videomae_lr3e-4_do0.2   videomae   e   0.2  3     0.7246    0.8415     0.4592     0.7773     0.6821   0.8843    0.4716
clip_lr3e-4_do0.3       clip       e   0.3  3     0.7243    0.8384     0.4548     0.7814     0.6861   0.8750    0.4934
videomae_lr3e-4_do0.3   videomae   e   0.3  3     0.7222    0.8399     0.4534     0.7812     0.6844   0.8796    0.4760
openface3_lr5e-4_do0.5  openface3  e   0.5  3     0.7222    0.8415     0.4708     0.7904     0.6813   0.8750    0.4541
videomae_lr2e-4_do0.7   videomae   e   0.7  3     0.7191    0.8415     0.4738     0.7938     0.6664   0.8750    0.4803
videomae_lr2e-4_do0.2   videomae   e   0.2  3     0.7178    0.8399     0.4679     0.7835     0.6760   0.8796    0.4847
videomae_lr2e-4_do0.3   videomae   e   0.3  3     0.7169    0.8399     0.4636     0.7870     0.6764   0.8704    0.4934
openface3_lr3e-4_do0.2  openface3  e   0.2  3     0.7164    0.8537     0.4461     0.7951     0.6665   0.8843    0.4760
videomae_lr5e-4_do0.7   videomae   e   0.7  3     0.7160    0.8460     0.4650     0.7948     0.6843   0.8750    0.4716
clip_lr2e-4_do0.3       clip       e   0.3  3     0.7130    0.8552     0.4490     0.7860     0.6835   0.8750    0.5197
videomae_lr2e-4_do0.5   videomae   e   0.5  3     0.7128    0.8415     0.4752     0.7952     0.6776   0.8796    0.4803
videomae_lr3e-4_do0.5   videomae   e   0.5  3     0.7113    0.8338     0.4810     0.7821     0.6797   0.8704    0.4803
openface3_lr5e-4_do0.2  openface3  e   0.2  3     0.7085    0.8399     0.4665     0.7909     0.6830   0.8843    0.4847
openface3_lr3e-4_do0.5  openface3  e   0.5  3     0.7077    0.8506     0.4869     0.7905     0.6688   0.8843    0.4891
openface3_lr5e-4_do0.3  openface3  e   0.3  3     0.7066    0.8415     0.4723     0.7902     0.6664   0.8843    0.4803
openface3_lr2e-4_do0.2  openface3  e   0.2  3     0.7010    0.8415     0.4665     0.7914     0.6616   0.8843    0.4891
openface3_lr3e-4_do0.7  openface3  e   0.7  3     0.6998    0.8552     0.4825     0.7908     0.6782   0.8843    0.4541
openface3_lr2e-4_do0.7  openface3  e   0.7  3     0.6996    0.8521     0.4781     0.7982     0.6677   0.8843    0.4716
openface3_lr2e-4_do0.3  openface3  e   0.3  3     0.6946    0.8506     0.4752     0.7967     0.6676   0.8935    0.4934
openface3_lr3e-4_do0.3  openface3  e   0.3  3     0.6918    0.8399     0.4723     0.7955     0.6725   0.8935    0.4672
openface3_lr2e-4_do0.5  openface3  e   0.5  3     0.6900    0.8384     0.4781     0.8020     0.6632   0.8843    0.4803
openface3_lr5e-4_do0.7  openface3  e   0.7  3     0.6863    0.8506     0.4971     0.7949     0.6772   0.8843    0.4498
exp                     vf         lr  do   ismd  test_mae  test_acc2  test_acc7  test_corr  val_mae  val_acc2  val_acc7

--- 按 test MAE 排序 (越低越好) ---
exp                     vf         lr  do   ismd  test_mae  test_acc2  test_acc7  test_corr  val_mae  val_acc2  val_acc7
openface3_lr5e-4_do0.7  openface3  e   0.7  3     0.6863    0.8506     0.4971     0.7949     0.6772   0.8843    0.4498
openface3_lr2e-4_do0.5  openface3  e   0.5  3     0.6900    0.8384     0.4781     0.8020     0.6632   0.8843    0.4803
openface3_lr3e-4_do0.3  openface3  e   0.3  3     0.6918    0.8399     0.4723     0.7955     0.6725   0.8935    0.4672
openface3_lr2e-4_do0.3  openface3  e   0.3  3     0.6946    0.8506     0.4752     0.7967     0.6676   0.8935    0.4934
openface3_lr2e-4_do0.7  openface3  e   0.7  3     0.6996    0.8521     0.4781     0.7982     0.6677   0.8843    0.4716
openface3_lr3e-4_do0.7  openface3  e   0.7  3     0.6998    0.8552     0.4825     0.7908     0.6782   0.8843    0.4541
openface3_lr2e-4_do0.2  openface3  e   0.2  3     0.7010    0.8415     0.4665     0.7914     0.6616   0.8843    0.4891
openface3_lr5e-4_do0.3  openface3  e   0.3  3     0.7066    0.8415     0.4723     0.7902     0.6664   0.8843    0.4803
openface3_lr3e-4_do0.5  openface3  e   0.5  3     0.7077    0.8506     0.4869     0.7905     0.6688   0.8843    0.4891
openface3_lr5e-4_do0.2  openface3  e   0.2  3     0.7085    0.8399     0.4665     0.7909     0.6830   0.8843    0.4847
videomae_lr3e-4_do0.5   videomae   e   0.5  3     0.7113    0.8338     0.4810     0.7821     0.6797   0.8704    0.4803
videomae_lr2e-4_do0.5   videomae   e   0.5  3     0.7128    0.8415     0.4752     0.7952     0.6776   0.8796    0.4803
clip_lr2e-4_do0.3       clip       e   0.3  3     0.7130    0.8552     0.4490     0.7860     0.6835   0.8750    0.5197
videomae_lr5e-4_do0.7   videomae   e   0.7  3     0.7160    0.8460     0.4650     0.7948     0.6843   0.8750    0.4716
openface3_lr3e-4_do0.2  openface3  e   0.2  3     0.7164    0.8537     0.4461     0.7951     0.6665   0.8843    0.4760
videomae_lr2e-4_do0.3   videomae   e   0.3  3     0.7169    0.8399     0.4636     0.7870     0.6764   0.8704    0.4934
videomae_lr2e-4_do0.2   videomae   e   0.2  3     0.7178    0.8399     0.4679     0.7835     0.6760   0.8796    0.4847
videomae_lr2e-4_do0.7   videomae   e   0.7  3     0.7191    0.8415     0.4738     0.7938     0.6664   0.8750    0.4803
openface3_lr5e-4_do0.5  openface3  e   0.5  3     0.7222    0.8415     0.4708     0.7904     0.6813   0.8750    0.4541
videomae_lr3e-4_do0.3   videomae   e   0.3  3     0.7222    0.8399     0.4534     0.7812     0.6844   0.8796    0.4760
clip_lr3e-4_do0.3       clip       e   0.3  3     0.7243    0.8384     0.4548     0.7814     0.6861   0.8750    0.4934
videomae_lr3e-4_do0.2   videomae   e   0.2  3     0.7246    0.8415     0.4592     0.7773     0.6821   0.8843    0.4716
videomae_lr5e-4_do0.3   videomae   e   0.3  3     0.7305    0.8399     0.4621     0.7781     0.6841   0.8750    0.4803
clip_lr5e-4_do0.5       clip       e   0.5  3     0.7307    0.8445     0.4490     0.7821     0.6755   0.8750    0.4760
videomae_lr5e-4_do0.5   videomae   e   0.5  3     0.7310    0.8430     0.4621     0.7736     0.6760   0.8796    0.4716
videomae_lr5e-4_do0.2   videomae   e   0.2  3     0.7329    0.8476     0.4577     0.7795     0.6797   0.8796    0.4716
dinov3_lr5e-4_do0.5     dinov3     e   0.5  3     0.7352    0.8415     0.4577     0.7804     0.6895   0.8704    0.4716
clip_lr3e-4_do0.7       clip       e   0.7  3     0.7364    0.8323     0.4461     0.7855     0.6813   0.8750    0.4934
dinov3_lr2e-4_do0.3     dinov3     e   0.3  3     0.7368    0.8369     0.4563     0.7756     0.6888   0.8704    0.4760
clip_lr5e-4_do0.2       clip       e   0.2  3     0.7396    0.8354     0.4402     0.7688     0.7043   0.8657    0.4803
clip_lr2e-4_do0.2       clip       e   0.2  3     0.7414    0.8338     0.4431     0.7796     0.6840   0.8750    0.5022
dinov3_lr5e-4_do0.7     dinov3     e   0.7  3     0.7417    0.8430     0.4592     0.7802     0.6883   0.8704    0.4541
dinov3_lr5e-4_do0.2     dinov3     e   0.2  3     0.7581    0.8384     0.4548     0.7541     0.7051   0.8796    0.4716
dinov3_lr5e-4_do0.3     dinov3     e   0.3  3     0.7585    0.8354     0.4592     0.7540     0.6895   0.8704    0.4803
clip_lr5e-4_do0.3       clip       e   0.3  3     0.7590    0.8338     0.4519     0.7622     0.6923   0.8750    0.4716
dinov3_lr3e-4_do0.7     dinov3     e   0.7  3     0.7606    0.8430     0.4388     0.7699     0.6861   0.8704    0.4629
videomae_lr3e-4_do0.7   videomae   e   0.7  3     0.7617    0.8216     0.4402     0.7770     0.6669   0.8750    0.4672
dinov3_lr2e-4_do0.2     dinov3     e   0.2  3     0.7627    0.8491     0.4286     0.7709     0.6931   0.8750    0.4760
clip_lr3e-4_do0.2       clip       e   0.2  3     0.7633    0.8460     0.4242     0.7712     0.7019   0.8704    0.4803
dinov3_lr3e-4_do0.5     dinov3     e   0.5  3     0.7642    0.8308     0.4519     0.7584     0.6822   0.8704    0.4760
clip_lr2e-4_do0.7       clip       e   0.7  3     0.7695    0.8262     0.4227     0.7780     0.6856   0.8750    0.4978
clip_lr2e-4_do0.5       clip       e   0.5  3     0.7710    0.8308     0.4198     0.7716     0.6721   0.8704    0.5153
dinov3_lr2e-4_do0.5     dinov3     e   0.5  3     0.7755    0.8232     0.4329     0.7671     0.6783   0.8704    0.4672
dinov3_lr3e-4_do0.3     dinov3     e   0.3  3     0.7781    0.8354     0.4359     0.7605     0.6924   0.8704    0.4803
dinov3_lr3e-4_do0.2     dinov3     e   0.2  3     0.7795    0.8293     0.4271     0.7533     0.6885   0.8796    0.4891
dinov3_lr2e-4_do0.7     dinov3     e   0.7  3     0.7839    0.8415     0.4023     0.7688     0.6868   0.8750    0.4760
clip_lr5e-4_do0.7       clip       e   0.7  3     0.7855    0.8247     0.4082     0.7661     0.6802   0.8750    0.4891
clip_lr3e-4_do0.5       clip       e   0.5  3     0.7938    0.8216     0.4023     0.7724     0.7280   0.8611    0.4934
